R, P, T, Rho, Kappa, Epsilon, Qm, L_r, dlPlT
0.20050125760567714, 4.911104543278295e+16, 10019875.09850832, 35.82526567602438, 3.6723920562296724, 1.6994721269136275, 0.5040559409920563, 3.5292267346972245e+33, 4.025523812902205
0.20300752325581609, 4.7058103613027096e+16, 9914150.658359054, 34.69376200956898, 3.706160697604035, 1.5665756090750784, 0.5122989636006098, 3.555988049413447e+33, 4.02522784235037
0.20551378890595504, 4.508720399085193e+16, 9809330.085839605, 33.595907940866155, 3.740374155806192, 1.443597627694367, 0.5204809493221937, 3.580470083369843e+33, 4.02598655632431
0.20802005455609396, 4.31953203399783e+16, 9705440.217241243, 32.5307312187583, 3.774995936249476, 1.3298504391916985, 0.5285993949078666, 3.6028515805934096e+33, 4.027678548226777
0.2105263202062329, 4.137952642855781e+16, 9602503.766021831, 31.497300111567355, 3.8099924711633575, 1.224687758921607, 0.5366519122432594, 3.623299035750289e+33, 4.030195755986072
0.21303258585637186, 3.963699258750153e+16, 9500539.751920678, 30.494719435637286, 3.8453328657521597, 1.127503086406924, 0.5446362295461581, 3.641967327145464e+33, 4.033441733334211
0.2155388515065108, 3.796498252511657e+16, 9399563.883901846, 29.522127119798828, 3.8809886739310575, 1.03772796585323, 0.552550192082717, 3.659000342775304e+33, 4.037330195570349
0.21804511715664973, 3.6360850353936024e+16, 9299588.902596038, 28.5786912328866, 3.916933699103267, 0.9548302126987407, 0.5603917624408787, 3.6745315954470723e+33, 4.041783788994578
0.22055138280678868, 3.4822037800388228e+16, 9200624.887085058, 27.663607411841888, 3.953143816235704, 0.8783121307459681, 0.5681590203972293, 3.688684823695408e+33, 4.046733043634669
0.22305764845692763, 3.3346071572081484e+16, 9102679.530186398, 26.77609663665215, 3.9895968121371244, 0.8077087393600764, 0.5758501624114527, 3.7015745758532977e+33, 4.052115476989895
0.22556391410706655, 3.1930560861070588e+16, 9005758.385822492, 25.915403305724517, 4.026272241371484, 0.742586026081591, 0.5834635007806794, 3.71330677518461e+33, 4.057874822848912
0.2280701797572055, 3.057319496459631e+16, 8909865.091578797, 25.080793571514644, 4.063151295672627, 0.6825392366119329, 0.5909974624843204, 3.723979264465745e+33, 4.063960364231808
0.23057644540734445, 2.9271741007510444e+16, 8815001.569150459, 24.271553901532386, 4.100216685082312, 0.627191211349735, 0.5984505877483867, 3.733682328822868e+33, 4.070326353444218
0.2330827110574834, 2.802404175296952e+16, 8721168.205035262, 23.486989834382637, 4.137452529326521, 0.5761907753728839, 0.6058215283567981, 3.742499195995105e+33, 4.076931505379498
0.23558897670762233, 2.682801349004431e+16, 8628364.013540098, 22.72642490439991, 4.1748442581862655, 0.5292111868866426, 0.6131090457357568, 3.7505065135087156e+33, 4.083738552713714
0.23809524235776128, 2.5681643988687224e+16, 8536586.783920398, 21.989199711803494, 4.212378519818105, 0.4859486476203204, 0.6203120088358859, 3.757774802517768e+33, 4.090713853656444
0.24060150800790023, 2.4582990514058756e+16, 8445833.213259583, 21.27467111822065, 4.250043096143955, 0.44612087739543627, 0.6274293918355055, 3.764368888297736e+33, 4.097827044554235
0.24310777365803918, 2.3530177893565132e+16, 8356099.026512911, 20.582211549965965, 4.287826824565315, 0.40946575406007757, 0.6344602716871223, 3.7703483075739965e+33, 4.105050730957278
0.2456140393081781, 2.252139663112671e+16, 8267379.084982026, 19.9112083936836, 4.32571952536927, 0.37574001914802213, 0.6414038255279498, 3.7757676930310246e+33, 4.112360211838933
0.24812030495831705, 2.1554901064202464e+16, 8179667.484349406, 19.261063470900847, 4.363711934286214, 0.3447180489455277, 0.6482593279740443, 3.7806771354837795e+33, 4.119733232531676
0.250626570608456, 2.0629007559958544e+16, 8092957.643282227, 18.63119257974567, 4.401795639735806, 0.3161906901068939, 0.6550261483164369, 3.7851225243033346e+33, 4.127149762658621
0.25313283625859495, 1.9742092747705556e+16, 8007242.3835104415, 18.021025093579272, 4.439963024361078, 0.28996415853011254, 0.6617037476364719, 3.789145866777225e+33, 4.134591795931972
0.2556391019087339, 1.8892591785354444e+16, 7922514.002191706, 17.430003607614587, 4.478207210503035, 0.265858999867721, 0.6682916758564148, 3.7927855871538074e+33, 4.142043169169677
0.25814536755887285, 1.8078996658168292e+16, 7838764.33729449, 16.85758362575514, 4.516522009311418, 0.24370910979017965, 0.6747895687402827, 3.7960768061716074e+33, 4.1494893982863
0.26065163320901175, 1.729985450852853e+16, 7755984.826658623, 16.30323328091598, 4.554901873223471, 0.22336081192666857, 0.6811971448587704, 3.799051601911305e+33, 4.156917529340187
0.2631578988591507, 1.655376599579966e+16, 7674166.561328438, 15.76643308299494, 4.593341851572356, 0.2046719912703916, 0.687514202531099, 3.801739252831743e+33, 4.164316002998308
0.26566416450928965, 1.58393836856761e+16, 7593300.333696512, 15.246675689463093, 4.631837549111859, 0.1875112807430532, 0.6937406167556076, 3.804166463863843e+33, 4.17167453100424
0.2681704301594286, 1.515541046863667e+16, 7513376.6809448255, 14.743465694250013, 4.6703850872649095, 0.17175729855841834, 0.6998763361399366, 3.806357576439292e+33, 4.17898398342855
0.27067669580956755, 1.4500598007324028e+16, 7434385.9242242575, 14.256319431222773, 4.708981067920948, 0.15729793400117345, 0.7059213798407188, 3.8083347633257627e+33, 4.1862362856384685
0.2731829614597065, 1.3873745212814934e+16, 7356318.203972016, 13.784764789106914, 4.747622539622017, 0.14402967923910753, 0.7118758345218046, 3.8101182091285146e+33, 4.193424324057513
0.27568922710984545, 1.3273696749858518e+16, 7279163.511729398, 13.328341035181111, 4.786306965990088, 0.13185700480917847, 0.7177398513391954, 3.811726277300774e+33, 4.200541859901152
0.2781954927599844, 1.269934157123926e+16, 7202911.718788616, 12.886598645501968, 4.825032196258948, 0.1206917764573229, 0.7235136429600509, 3.813175664483246e+33, 4.207583450164347
0.2807017584101233, 1.214961148147384e+16, 7127552.601967031, 12.459099139787812, 4.863796437783441, 0.11045271106447366, 0.7291974806223708, 3.814481542967446e+33, 4.214544375224775
0.28320802406026224, 1.1623479730080822e+16, 7053075.866779531, 12.045414919416187, 4.90259823040704, 0.10106486945428246, 0.7347916912412202, 3.8156576920490774e+33, 4.221420572487756
0.2857142897104012, 1.1119959634672848e+16, 6979471.168254838, 11.645129107273846, 4.941436422576072, 0.09245918394906574, 0.7402966545666939, 3.8167166190071003e+33, 4.228208575563983
0.28822055536054014, 1.0638103234116222e+16, 6906728.129618787, 11.257835388445232, 4.980310149095458, 0.08457201861743893, 0.7457128003981603, 3.8176696704120483e+33, 4.234905458518101
0.2907268210106791, 1.0176999971985198e+16, 6834836.359047035, 10.883137850939502, 5.019218810426786, 0.07734476023821404, 0.7510406058587356, 3.818527134434156e+33, 4.241508784770798
0.29323308666081804, 9735775410510614.0, 6763785.4646708835, 10.520650825840896, 5.058162053434963, 0.0707234380889857, 0.7562805927333651, 3.8192983347883116e+33, 4.248016560279285
0.295739352310957, 9313589975186982.0, 6693565.068002886, 10.169998726425945, 5.097139753494778, 0.06465837075317993, 0.7614333248733763, 3.8199917169192266e+33, 4.254427190649092
0.29824561796109594, 8909637730160614.0, 6624164.815933375, 9.83081588592636, 5.136151997873355, 0.05910383822518044, 0.7664994056698695, 3.820614926996786e+33, 4.260739441864775
0.30075188361123484, 8523145184475651.0, 6555574.391434977, 9.502746393731677, 5.175199070308987, 0.05401777767867249, 0.7714794755978723, 3.821174884258617e+33, 4.266952404351165
0.3032581492613738, 8153370129206232.0, 6487783.523099337, 9.185443929922373, 5.214281436711003, 0.04936150134781863, 0.7763742098327622, 3.8216778472046647e+33, 4.273065460100754
0.30576441491151274, 7799600505452902.0, 6420781.993618617, 8.878571598105244, 5.253399731909272, 0.04509943505383833, 0.7811843159400824, 3.822129474117238e+33, 4.2790782526240045
0.3082706805616517, 7461153303130557.0, 6354559.647313727, 8.581801756589694, 5.292554747385917, 0.041198875990467676, 0.7859105316395246, 3.822534878349662e+33, 4.284990659499957
0.31077694621179064, 7137373490424785.0, 6289106.396801614, 8.294815847998109, 5.331747419925275, 0.037629768460380165, 0.7905536226435337, 3.8228986787974835e+33, 4.29080276731822
0.3132832118619296, 6827632973743988.0, 6224412.228885166, 8.01730422744735, 5.370978821121781, 0.03436449633061415, 0.795114380570696, 3.8232250459382125e+33, 4.2965148488249625
0.31578947751206854, 6531329587946774.0, 6160467.209741343, 7.748965989472917, 5.410250147688811, 0.03137769104823949, 0.7995936209338149, 3.8235177437988713e+33, 4.302127342093703
0.3182957431622075, 6247886116578288.0, 6097261.489475917, 7.489508793893564, 5.449562712514654, 0.028646054127736457, 0.8039921812023298, 3.823780168185221e+33, 4.307640831559415
0.3208020088123464, 5976749341805671.0, 6034785.306106661, 7.238648690833654, 5.488917936415058, 0.026148193088792123, 0.8083109189385319, 3.824015381482445e+33, 4.31305603076575
0.32330827446248533, 5717389123702099.0, 5973028.989030866, 6.996109945133765, 5.528317340534601, 0.023864469887374104, 0.8125507100068307, 3.824226144314287e+33, 4.318373766684926
0.3258145401126243, 5469297508490912.0, 5911982.962027698, 6.761624860388319, 5.567762539352101, 0.021776860944039706, 0.8167124468551594, 3.824414944326183e+33, 4.3235949654823065
0.32832080576276323, 5231987865326458.0, 5851637.745841015, 6.5349336028528935, 5.6072552342480035, 0.019868827931459308, 0.8207970368674581, 3.824584022337713e+33, 4.328720639606304
0.3308270714129022, 5004994051156402.0, 5791983.96038385, 6.3157840254640085, 5.646797207594247, 0.018125198538158725, 0.8248054007860375, 3.824735396090772e+33, 4.333751876093023
0.33333333706304114, 4787869603181509.0, 5733012.326601756, 6.103931492211427, 5.686390317329651, 0.016532056477533894, 0.8287384712025185, 3.8248708818021074e+33, 4.338689825984849
0.3358396027131801, 4580186958403215.0, 5674713.668028608, 5.899138703097602, 5.726036491986245, 0.015076640060375547, 0.8325971911159388, 3.824992113712313e+33, 4.343535694768068
0.33834586836331904, 4381536699726645.5, 5617078.912065179, 5.701175519911495, 5.765737726134175, 0.0137472486955134, 0.8363825125565365, 3.8251005618079116e+33, 4.348290733742689
0.34085213401345793, 4191526828067032.5, 5560099.091007845, 5.50981879303505, 5.805496076215046, 0.012533156726869226, 0.8400953952736506, 3.825197547878789e+33, 4.352956232246033
0.3433583996635969, 4009782059890622.5, 5503765.342852118, 5.324852189490219, 5.845313656735481, 0.01142453405628061, 0.8437368054861191, 3.825284260059868e+33, 4.357533510653819
0.34586466531373583, 3835943149607062.5, 5448068.911893297, 5.1460660224232475, 5.885192636794786, 0.010412373040034355, 0.8473077146935099, 3.8253617659935325e+33, 4.3620239140924255
0.3483709309638748, 3669666236218741.0, 5393001.149144329, 4.973257082210983, 5.925135236922179, 0.009488421183239667, 0.850809098546484, 3.825431024737827e+33, 4.366428806799702
0.35087719661401373, 3510622213623539.0, 5338553.512589062, 4.8062284693615265, 5.965143726201033, 0.008645119190080104, 0.8542419357745623, 3.8254928975348376e+33, 4.370749567075807
0.3533834622641527, 3358496123960751.0, 5284717.567287238, 4.644789429368924, 6.0052204196589996, 0.007875543959726863, 0.8576072071695502, 3.8255481575438635e+33, 4.374987582772341
0.35588972791429163, 3212986573385432.5, 5231484.985346056, 4.488755189668786, 6.045367675904456, 0.007173356147377979, 0.8609058946228645, 3.8255974986349287e+33, 4.379144247269094
0.3583959935644306, 3073805169653958.0, 5178847.545771616, 4.337946798829046, 6.085587894991224, 0.00653275193761751, 0.8641389802150029, 3.825641543329873e+33, 4.383220955897207
0.3609022592145695, 2940675980902991.0, 5126797.134212355, 4.1921909680974325, 6.12588351649474, 0.0059484187031729144, 0.867307445355399, 3.8256808499705734e+33, 4.387219102763855
0.3634085248647084, 2813335015005231.0, 5075325.742605338, 4.051319915414985, 6.16625701778419, 0.005415494246287083, 0.8704122699709164, 3.8257159191868096e+33, 4.391140077944187
0.3659147905148474, 2691529718888056.0, 5024425.468735267, 3.9151712119929005, 6.20671091247624, 0.004929529342415563, 0.8734544317412452, 3.825747199729817e+33, 4.394985265004144
0.3684210561649863, 2575018497205397.0, 4974088.515715129, 3.7835876315384462, 6.24724774905712, 0.004486453326905058, 0.8764349053794878, 3.8257750937316345e+33, 4.398756038823443
0.3709273218151253, 2463570249758711.0, 4924307.191396513, 3.6564170022045186, 6.287870109660887, 0.004082542484798141, 0.879354661956239, 3.8257999614449124e+33, 4.402453763690582
0.3734335874652642, 2356963927069650.5, 4875073.907716921, 3.5335120613267583, 6.328580608992548, 0.003714391022030584, 0.8822146682654893, 3.825822125512874e+33, 4.40607979164253
0.3759398531154032, 2254988103514817.0, 4826381.179990654, 3.4147303130019537, 6.369381893385643, 0.0033788844131267086, 0.8850158862307158, 3.825841874814564e+33, 4.409635461025548
0.3784461187655421, 2157440567441727.0, 4778221.626149273, 3.299933888551893, 6.410276639984866, 0.003073174936135159, 0.8877592723495472, 3.825859467926368e+33, 4.41312209525602
0.380952384415681, 2064127927694694.8, 4730587.965937054, 3.18898940990764, 6.451267556044742, 0.0027946592200594495, 0.8904457771754303, 3.825875136236968e+33, 4.416541001760587
0.38345865006582, 1974865235989646.5, 4683473.020066375, 3.0817678559407162, 6.492357378336489, 0.0025409576434988305, 0.8930763448347545, 3.825889086749457e+33, 4.41989347107715
0.3859649157159589, 1889475624587815.8, 4636869.709337492, 2.978144431759621, 6.533548872655486, 0.002309895435692854, 0.8956519125779324, 3.825901504601153e+33, 4.423180776101527
0.3884711813660979, 1807789958729744.5, 4590771.0537267765, 2.8779984409826365, 6.574844833422714, 0.0020994853427247517, 0.8981734103629677, 3.8259125553287964e+33, 4.426404171464012
0.3909774470162368, 1729646503302950.8, 4545170.171447124, 2.781213160990883, 6.616248083373775, 0.0019079117323452931, 0.9006417604700845, 3.825922386904174e+33, 4.429564893021021
0.3934837126663758, 1654890603228917.5, 4500060.27798387, 2.687675721159167, 6.657761473329947, 0.0017335160207888872, 0.9030578771460289, 3.825931131562841e+33, 4.432664157453055
0.3959899783165147, 1583374377067660.0, 4455434.685109308, 2.5972769840561636, 6.6993878820459525, 0.001574783314122046, 0.9054226662766948, 3.8259389074464486e+33, 4.435703161953041
0.3984962439666536, 1514956423350961.5, 4411286.79987859, 2.5099114296000047, 6.741130216129722, 0.0014303301651430913, 0.907737025086767, 3.8259458200772045e+33, 4.438683083998727
0.40100250961679257, 1449501539168358.5, 4367610.123609564, 2.4254770421503493, 6.7829914100298145, 0.0012988933546888473, 0.9100018418651139, 3.8259519636812155e+33, 4.441605081197908
0.4035087752669315, 1386880450543069.5, 4324398.250848878, 2.343875200513372, 6.8249744260865555, 0.0011793196134451743, 0.9122179957147027, 3.8259574223758364e+33, 4.444470291199297
0.40601504091707047, 1326969554148226.0, 4281644.868326482, 2.2650105708319996, 6.867082254643193, 0.0010705562070461537, 0.9143863563258522, 3.825962271234682e+33, 4.447279831660053
0.4085213065672094, 1269650669926938.0, 4239343.753900477, 2.1887910023299386, 6.909317914213942, 0.0009716423134207335, 0.9165077837716757, 3.825966577242619e+33, 4.450034800265253
0.41102757221734837, 1214810804192878.0, 4197488.775494087, 2.115127425874654, 6.951684451705861, 0.0008817011270437944, 0.91858312832461, 3.8259704001518565e+33, 4.452736274791227
0.4135338378674873, 1162341922801137.2, 4156073.890026404, 2.0439337553214467, 6.994184942691879, 0.0007999326300053042, 0.9206132302929606, 3.825973793249153e+33, 4.45538531320841
0.41604010351762627, 1112140733992083.9, 4115093.1423383933, 1.9751267915980981, 7.03682249173259, 0.0007256069746587961, 0.9225989198764376, 3.825976804043171e+33, 4.457982953818268
0.41854636916776516, 1064108480523785.9, 4074540.6641155314, 1.9086261294871656, 7.079600232744577, 0.0006580584270795917, 0.9245410170396922, 3.825979474880117e+33, 4.4605302154202855
0.4210526348179041, 1018150740721240.5, 4034410.672808351, 1.8443540670609793, 7.122521329413394, 0.000596679824681791, 0.9264403314028983, 3.825981843494999e+33, 4.463028097503712
0.42355890046804306, 974177238083138.9, 3994697.470552044, 1.7822355177225704, 7.16558897564934, 0.0005409175051376495, 0.9282976621484681, 3.8259839435050896e+33, 4.465477580463093
0.426065166118182, 932101659099180.8, 3955395.44308619, 1.722197924804263, 7.208806396084558, 0.000490266667237642, 0.930113797943018, 3.82598580485154e+33, 4.467879625830461
0.42857143176832097, 891841478943013.5, 3916499.0586755914, 1.6641711786743674, 7.252176846610027, 0.00044426712754738523, 0.9318895168737421, 3.825987454194481e+33, 4.470235176525918
0.4310776974184599, 853317794717692.0, 3878002.8670331123, 1.6080875363013574, 7.295703614951251, 0.00040249943967945036, 0.9336255863983827, 3.8259889152664207e+33, 4.47254515711921
0.43358396306859887, 816455165942125.8, 3839901.4982453566, 1.553881543224067, 7.339390021281558, 0.00036458134572362047, 0.9353227633080201, 3.825990209188245e+33, 4.4748104741048165
0.4360902287187378, 781181461978286.5, 3802189.66170194, 1.501489957875795, 7.383239418872108, 0.0003301645318865474, 0.936981793701937, 3.8259913547517166e+33, 4.47703201618325
0.4385964943688767, 747427716109987.4, 3764862.1450290587, 1.4508516782097156, 7.427255194777828, 0.0002989316626979118, 0.9386034129738468, 3.825992368671946e+33, 4.479210654552419
0.44110276001901566, 715127985994803.1, 3727913.813028003, 1.4019076705727, 7.471440770558578, 0.00027059367026056083, 0.9401883458087995, 3.825993265812978e+33, 4.4813472432023636
0.4436090256691546, 684219220221175.9, 3691339.606619204, 1.3546009007744662, 7.515799603035024, 0.0002448872769712731, 0.9417373061901174, 3.8259940593892896e+33, 4.483442619215063
0.44611529131929356, 654641130712943.0, 3655134.541792357, 1.3088762672989795, 7.560335185078795, 0.00022157273193025717, 0.9432509974157326, 3.8259947611457424e+33, 4.485497603066536
0.4486215569694325, 626336070733421.8, 3619293.7085631248, 1.2646805366050997, 7.605051046436533, 0.00020043174290331197, 0.9447301121233327, 3.825995381518235e+33, 4.4875129989315115
0.45112782261957146, 599248918250798.6, 3583812.269936876, 1.221962280463701, 7.6499507545876835, 0.00018126558721261716, 0.9461753323237461, 3.8259959297770984e+33, 4.4894895949874325
0.4536340882697104, 573326964435890.9, 3548685.4608798795, 1.180671815278797, 7.695037915635788, 0.00016389338632066282, 0.9475873294420231, 3.825996414155052e+33, 4.491428163719483
0.45614035391984936, 548519807072381.7, 3513908.5872983388, 1.140761143340624, 7.740316175233286, 0.00014815053014683113, 0.9489667643656953, 3.825996841961352e+33, 4.493329462223842
0.45864661956998826, 524779248668375.5, 3479477.0250256155, 1.1021838959591128, 7.785789219539824, 0.00013388723832658212, 0.950314287499721, 3.8259972196836004e+33, 4.495194232509388
0.4611528852201272, 502059199066581.3, 3445386.2188179656, 1.064895278426765, 7.83146077621419, 0.00012096724669744757, 0.9516305388276449, 3.825997553078517e+33, 4.49702320179764
0.46365915087026616, 480315582358613.94, 3411631.6813590764, 1.028852016760564, 7.877334615440005, 0.00010926660828183107, 0.9529161479785268, 3.8259978472528604e+33, 4.498817082819623
0.4661654165204051, 459506247916805.4, 3378208.992273669, 0.9940123061732594, 7.92341455098549, 9.867259894097666e-05, 0.9541717342992116, 3.825998106735536e+33, 4.500576574109122
0.46867168217054406, 439590885364551.56, 3345113.797150407, 0.9603357612251, 7.969704441297589, 8.908271870406711e-05, 0.9553979069315384, 3.82599833554185e+33, 4.502302360293262
0.471177947820683, 420530943313583.25, 3312341.8065743223, 0.9277833676078732, 8.016208190630834, 8.040378053722597e-05, 0.9565952648941005, 3.825998537230733e+33, 4.503995112378768
0.47368421347082196, 402289551703651.3, 3279888.7951689586, 0.8963174355139533, 8.062929750211431, 7.255107901481253e-05, 0.9577643971681953, 3.825998714955706e+33, 4.505655488033648
0.4761904791209609, 384831447586962.1, 3247750.6006483985, 0.8659015545439026, 8.109873119437081, 6.5447631994953e-05, 0.9589058827876121, 3.825998871510241e+33, 4.507284131865606
0.4786967447710998, 368122904206293.4, 3215923.1228793296, 0.8365005501070711, 8.1570423471131, 5.902348898749039e-05, 0.960020290931935, 3.8259990093681496e+33, 4.508881675694752
0.48120301042123875, 352131663222068.94, 3184402.3229532875, 0.8080804412705461, 8.204441532725523, 5.321510043977896e-05, 0.9611081810230416, 3.825999130719504e+33, 4.510448738822374
0.4837092760713777, 336826869949784.06, 3153184.222269189, 0.7806084000127366, 8.252074827751875, 4.796474265804223e-05, 0.9621701028245093, 3.825999237502602e+33, 4.511985928294969
0.48621554172151665, 322179011475049.06, 3122264.9016262637, 0.7540527118388202, 8.299946437010373, 4.3219993533022333e-05, 0.963206596543643, 3.8259993314323897e+33, 4.513493839162882
0.4887218073716556, 308159857519173.44, 3091640.5003274637, 0.7283827377162393, 8.348060620048432, 3.8933254651783216e-05, 0.9642181929358637, 3.8259994140257326e+33, 4.514973054734131
0.49122807302179455, 294742403933645.6, 3061307.2152934307, 0.703568877289392, 8.396421692571318, 3.506131575588819e-05, 0.9652054134112041, 3.825999486623878e+33, 4.516424146823483
0.4937343386719335, 281900818707084.2, 3031261.3001870774, 0.6795825333336402, 8.445034027911952, 3.15649578526669e-05, 0.9661687701426773, 3.8259995504124134e+33, 4.517847675996897
0.49624060432207245, 269610390373250.0, 3001499.0645488314, 0.6563960774097162, 8.49390205854285, 2.8408591603504832e-05, 0.9671087661762925, 3.825999606439e+33, 4.519244191809651
0.49874686997221135, 257847478713524.2, 2972016.8729425757, 0.6339828166805876, 8.543030277631283, 2.555992790350269e-05, 0.968025895542508, 3.82599965562912e+33, 4.52061423304124
0.5012531356223503, 246589467651876.78, 2942811.144112313, 0.6123169618538025, 8.592423240638842, 2.2989677832657878e-05, 0.9689206433689217, 3.8259996988000594e+33, 4.521958327923471
0.5037594012724893, 235814720244785.12, 2913878.3501495672, 0.5913735962132957, 8.642085566966554, 2.067127940198791e-05, 0.9697934859940116, 3.825999736673317e+33, 4.523276994365343
0.5062656669226282, 225502535672814.0, 2885215.0156715233, 0.5711286457055944, 8.69202194164687, 1.8580648740606884e-05, 0.97064489108175, 3.8259997698856195e+33, 4.524570740171834
0.5087719325727671, 215633108144648.5, 2856817.717009909, 0.551558850046305, 8.742237117083892, 1.6695953573424394e-05, 0.9714753177369243, 3.825999798998692e+33, 4.525840063258026
0.5112781982229061, 206187487628279.78, 2828683.081410598, 0.5326417348136949, 8.792735914843153, 1.4997407025436324e-05, 0.9722852166210085, 3.82599982450792e+33, 4.527085451859423
0.513784463873045, 197147542327792.06, 2800807.7862439174, 0.5143555844971119, 8.843523227492554, 1.3467079958976147e-05, 0.9730750300684394, 3.8259998468500354e+33, 4.528307384735786
0.516290729523184, 188495922827790.12, 2773188.558225631, 0.49667941646888875, 8.894604020495944, 1.2088730206135438e-05, 0.9738451922031571, 3.8259998664099235e+33, 4.5295063313723665
0.5187969951733229, 180216027830946.2, 2745822.1726485626, 0.47959295584928024, 8.945983334160982, 1.0847647201058091e-05, 0.9745961290552847, 3.825999883526658e+33, 4.530682752174911
0.5213032608234619, 172291971417440.22, 2718705.452624819, 0.4630766112348625, 8.997666285643007, 9.730510647097874e-06, 0.9753282586778221, 3.8259998984988435e+33, 4.531837098660877
0.5238095264736008, 164708551758222.56, 2691835.26833856, 0.4471114512616898, 9.049658071006698, 8.725261972929718e-06, 0.9760419912632433, 3.825999911589352e+33, 4.5329698136463366
0.5263157921237398, 157451221217048.34, 2665208.5363092716, 0.43167918197535654, 9.101963967347423, 7.820987440566288e-06, 0.9767377292598906, 3.82599992302951e+33, 4.5340813314285295
0.5288220577738787, 150506057779124.06, 2638822.2186654718, 0.416762124980945, 9.154589334974144, 7.007811867724935e-06, 0.9774158674880671, 3.82599993302281e+33, 4.535172077963726
0.5313283234240176, 143859737746973.84, 2612673.3224287955, 0.4023431963466586, 9.207539619656064, 6.276802017902556e-06, 0.9780767932557357, 3.8259999417481873e+33, 4.536242471041462
0.5338345890741566, 137499509646780.5, 2586758.8988083834, 0.3884058862357408, 9.260820354935046, 5.6198787945857564e-06, 0.9787208864737386, 3.825999949362926e+33, 4.537292920454196
0.5363408547242955, 131413169290988.94, 2561076.0425055055, 0.374934239242061, 9.314437164506083, 5.029737451908172e-06, 0.9793485197704577, 3.825999956005222e+33, 4.538323828163866
0.5388471203744345, 125589035945382.62, 2535621.8910283437, 0.36191283540551406, 9.36839576466816, 4.499775103386359e-06, 0.979960058605843, 3.825999961796452e+33, 4.539335588463619
0.5413533860245734, 120015929551160.78, 2510393.6240168503, 0.34932677188412914, 9.422701966847905, 4.024024873674181e-06, 0.9805558613847397, 3.825999966843176e+33, 4.540328588135839
0.5438596516747124, 114683148954759.8, 2485388.4625776005, 0.33716164526051096, 9.47736168019866, 3.5970960960902345e-06, 0.9811362795694508, 3.8259999712389095e+33, 4.541303206607201
0.5463659173248513, 109580451100280.94, 2460603.6686285543, 0.32540353446094655, 9.532380914277562, 3.2141200114623022e-06, 0.9817016577914776, 3.8259999750656836e+33, 4.54225981609941
0.5488721829749902, 104698031141411.97, 2436036.5442536357, 0.31403898426620624, 9.5877657818034, 2.8707004720271986e-06, 0.9822523339623835, 3.8259999783954264e+33, 4.543198781776688
0.5513784486251292, 100026503431666.22, 2411684.431067039, 0.30305498939374215, 9.64352250149824, 2.562869198118656e-06, 0.9827886393837333, 3.82599998129118e+33, 4.544120461889441
0.5538847142752681, 95556883353613.3, 2387544.709587167, 0.29243897913164174, 9.699657401015756, 2.287045175530113e-06, 0.983310898856061, 3.825999983808173e+33, 4.545025207914787
0.5563909799254071, 91280569949544.27, 2363614.798620106, 0.28217880250533955, 9.75617691995952, 2.039997818085149e-06, 0.9838194307868263, 3.825999985994769e+33, 4.545913364694565
0.558897245575546, 87189329317703.78, 2339892.1546525396, 0.2722627139587057, 9.813087612994426, 1.8188135533853161e-06, 0.9843145472973223, 3.8259999878932987e+33, 4.546785270568144
0.561403511225685, 83275278739836.97, 2316374.271253997, 0.26267935953174026, 9.87039615305489, 1.6208655202134473e-06, 0.9847965543284991, 3.8259999895407976e+33, 4.547641257504508
0.5639097768758239, 79530871507341.2, 2293058.678488343, 0.2534177635176865, 9.928109334653222, 1.4437860939003766e-06, 0.9852657517456752, 3.825999990969651e+33, 4.548481651229161
0.5664160425259628, 75948882414787.22, 2269942.942334397, 0.2444673155829497, 9.986234077292172, 1.2854419813470863e-06, 0.9857224334421059, 3.8259999922081674e+33, 4.549306771349911
0.5689223081761018, 72522393890981.81, 2247024.6641155872, 0.23581775833375962, 10.044777428985315, 1.1439116505448282e-06, 0.9861668874413879, 3.825999993281077e+33, 4.550116931477886
0.5714285738262407, 69244782739089.31, 2224301.4799385224, 0.2274591753140563, 10.103746569889662, 1.0174648805453214e-06, 0.9865993959986754, 3.825999994209974e+33, 4.550912439347297
0.5739348394763797, 66109707458613.7, 2201771.060140389, 0.21938197941959825, 10.16314881605465, 9.045442370798684e-07, 0.9870202357006892, 3.825999995013707e+33, 4.551693596931865
0.5764411051265186, 63111096123269.95, 2179431.1087450585, 0.21157690171379864, 10.222991623291962, 8.037482965717395e-07, 0.9874296775645042, 3.8259999957087167e+33, 4.552460700557775
0.5789473707766576, 60243134789944.89, 2157279.3629277973, 0.20403498063128797, 10.283282591171083, 7.138164572782291e-07, 0.9878279871350981, 3.8259999963093386e+33, 4.553214041015972
0.5814536364267965, 57500256415066.836, 2135313.592488478, 0.19674755155567544, 10.344029467145246, 6.336151908736457e-07, 0.988215424581651, 3.825999996828065e+33, 4.553953903669327
0.5839599020769355, 54877130255771.59, 2113531.599333177, 0.18970623675844372, 10.405240150813167, 5.621256010648369e-07, 0.9885922447925855, 3.825999997275776e+33, 4.554680568559995
0.5864661677270744, 52368651734272.7, 2091931.2169640544, 0.18290293568635785, 10.466922698321712, 4.984321679307398e-07, 0.9889586974693384, 3.825999997661944e+33, 4.555394310511777
0.5889724333772133, 49969932744817.88, 2070510.3099774052, 0.17632981558520253, 10.529085326915409, 4.417125676995452e-07, 0.9893150272188599, 3.825999997994808e+33, 4.556095399232371
0.5914786990273523, 47676292383543.734, 2049266.773569777, 0.16997930244807966, 10.59173641963833, 3.91228467716162e-07, 0.9896614736448324, 3.8259999982815336e+33, 4.556784099411894
0.5939849646774912, 45483248082428.78, 2028198.5330520398, 0.16384407227690503, 10.65488453019491, 3.4631720549500867e-07, 0.989998271437608, 3.825999998528348e+33, 4.557460670819599
0.5964912303276302, 43386507129392.64, 2007303.5433713067, 0.15791704264613488, 10.71853838797588, 3.0638426907739943e-07, 0.990325650462864, 3.8259999987406604e+33, 4.558125368398782
0.5989974959777691, 41381958557398.58, 1986579.7886405915, 0.1521913645581322, 10.782706903256193, 2.7089650349109656e-07, 0.9906438358489734, 3.8259999989231644e+33, 4.55877844235878
0.6015037616279081, 39465665386189.27, 1966025.2816760992, 0.14666041457995135, 10.847399172572036, 2.393759750076342e-07, 0.9909530480730941, 3.8259999990799335e+33, 4.559420138265664
0.604010027278047, 37633857201023.4, 1945638.0635420394, 0.14131778725167393, 10.912624484284352, 2.113944311707571e-07, 0.991253503045978, 3.8259999992144985e+33, 4.560050697130575
0.6065162929281859, 35882923053484.59, 1925416.2031028585, 0.13615728775677302, 10.978392324336642, 1.8656830028176335e-07, 0.9915454121955039, 3.825999999329919e+33, 4.560670355495923
0.6090225585783249, 34209404670106.785, 1905357.7965827824, 0.13117292484531423, 11.044712382215222, 1.6455417922448487e-07, 0.9918289825489384, 3.825999999428845e+33, 4.561279345520118
0.6115288242284638, 32609989955201.35, 1885460.967132563, 0.1263589040011248, 11.111594557120563, 1.45044763239969e-07, 0.9921044168139307, 3.8259999995135686e+33, 4.561877895060364
0.6140350898786028, 31081506774884.223, 1865723.8644033263, 0.12170962084437068, 11.17904896435857, 1.2776517556025086e-07, 0.9923719134582473, 3.8259999995860724e+33, 4.562466227752922
0.6165413555287417, 29620917009885.684, 1846144.6641274148, 0.11721965476128257, 11.247085941961384, 1.124696587199543e-07, 0.9926316667882542, 3.82599999964807e+33, 4.5630445630931025
0.6190476211788807, 28225310865283.793, 1826721.5677061223, 0.1128837627530613, 11.315716057547494, 9.893859291860126e-08, 0.9928838670261545, 3.825999999701041e+33, 4.5636131165118545
0.6215538868290196, 26891901425835.08, 1807452.8018042159, 0.10869687349627306, 11.384950115431618, 8.697581003708298e-08, 0.9931287003859902, 3.8259999997462633e+33, 4.56417209945166
0.6240601524791586, 25618019446084.758, 1788336.6179511454, 0.10465408160731575, 11.454799163995238, 7.640617484768975e-08, 0.9933663491484175, 3.8259999997848384e+33, 4.564721719441224
0.6265664181292975, 24401108364924.164, 1769371.2921488374, 0.1007506421037982, 11.525274503329301, 6.707340762469794e-08, 0.9935969917342656, 3.825999999817715e+33, 4.565262180166991
0.6290726837794364, 23238719534726.46, 1750555.124485973, 0.09698196505592721, 11.5963876931611, 5.8838124785906795e-08, 0.99382080277689, 3.8259999998457115e+33, 4.565793681545122
0.6315789494295754, 22128507655634.047, 1731886.4387586522, 0.09334361042124069, 11.66815056107804, 5.157607639653199e-08, 0.99403795319333, 3.825999999869531e+33, 4.566316419790053
0.6340852150797143, 21068226405993.29, 1713363.5820973418, 0.0898312830562596, 11.740575211061627, 4.51765613655468e-08, 0.9942486102542847, 3.825999999889779e+33, 4.56683058748329
0.6365914807298533, 20055724260335.29, 1694984.924600014, 0.08644082789886005, 11.813674032345713, 3.954100297911601e-08, 0.9944529376529153, 3.8259999999069754e+33, 4.567336373639541
0.6390977463799922, 19088940486686.152, 1676748.8589713764, 0.08316822531538455, 11.88745970861368, 3.4581669062792804e-08, 0.9946510955724904, 3.825999999921567e+33, 4.567833963772139
0.6416040120301312, 18165901315357.45, 1658653.800168098, 0.08000958660672408, 11.96194522755025, 3.0220522558790537e-08, 0.9948432407528837, 3.825999999933936e+33, 4.568323539956603
0.6441102776802701, 17284716271718.264, 1640698.1850499357, 0.07696114966780633, 12.03714389076417, 2.6388189660705225e-08, 0.9950295265559386, 3.825999999944412e+33, 4.568805280893915
0.646616543330409, 16443574665784.816, 1622880.4720366714, 0.07401927479512266, 12.113069324099037, 2.3023033878086314e-08, 0.9952101030297126, 3.8259999999532756e+33, 4.569279361970715
0.649122808980548, 15640742231783.248, 1605199.1407707622, 0.07118044063711651, 12.189735488350463, 2.007032551872524e-08, 0.9953851169716154, 3.825999999960767e+33, 4.569745955320434
0.6516290746306869, 14874557911146.127, 1587652.691785616, 0.06844124028243956, 12.267156690408735, 1.748149708784098e-08, 0.9955547119904528, 3.8259999999670933e+33, 4.57020522988126
0.6541353402808259, 14143430772694.47, 1570239.6461794009, 0.06579837748125897, 12.345347594847125, 1.521347602001948e-08, 0.9957190285673921, 3.8259999999724296e+33, 4.570657351454411
0.6566416059309648, 13445837064035.05, 1552958.5452942983, 0.06324866299496973, 12.424323235977226, 1.3228086990439128e-08, 0.9958782041158625, 3.8259999999769266e+33, 4.571102482760026
0.6591478715811038, 12780317388468.203, 1535807.9504011143, 0.06078901106983111, 12.50409903039377, 1.1491516804466073e-08, 0.9960323730404034, 3.825999999980712e+33, 4.5715407834932815
0.6616541372312427, 12145474001954.723, 1518786.4423891592, 0.05841643603020513, 12.584690790032665, 9.973835546307645e-09, 0.9961816667944771, 3.8259999999838954e+33, 4.571972410377837
0.6641604028813817, 11539968224932.402, 1501892.6214613114, 0.056128048987228216, 12.666114735767426, 8.64856828457613e-09, 0.9963262139372576, 3.825999999986569e+33, 4.5723975172197155
0.6666666685315206, 10962517964003.742, 1485125.1068341797, 0.05392105465889539, 12.74838751157039, 7.492312191292034e-09, 0.9964661401894127, 3.8259999999888127e+33, 4.572816254959289
0.6691729341816595, 10411895338736.936, 1468482.5364432833, 0.05179274829767858, 12.831526199266815, 6.4843944364367356e-09, 0.9966015684878904, 3.8259999999906925e+33, 4.573228771722376
0.6716791998317985, 9886924409032.814, 1451963.5666531622, 0.04974051272193871, 12.915548333911453, 5.6065666775655484e-09, 0.9967326190397282, 3.825999999992266e+33, 4.573635212870506
0.6741854654819374, 9386478998711.562, 1435566.871972341, 0.04776181544752364, 13.000471919819022, 4.8427323776826636e-09, 0.9968594093748955, 3.8259999999935823e+33, 4.574035721050152
0.6766917311320764, 8909480611164.99, 1419291.1447730646, 0.04585420591607208, 13.086315447281645, 4.178703558623087e-09, 0.9969820543981871, 3.825999999994681e+33, 4.574430436240991
0.6791979967822153, 8454896433103.562, 1403135.095015726, 0.0440153128166671, 13.173097910008503, 3.6019839352769197e-09, 0.9971006664401801, 3.8259999999955976e+33, 4.574819495803579
0.6817042624323543, 8021737422602.447, 1387097.4499779097, 0.042242841497601734, 13.260838823324805, 3.1015756814871973e-09, 0.9972153553072693, 3.8259999999963614e+33, 4.575203034525557
0.6842105280824932, 7609056477818.133, 1371176.9539879728, 0.040534571465134145, 13.34955824316968, 2.6678073544076047e-09, 0.9973262283307953, 3.8259999999969967e+33, 4.575581184667555
0.6867167937326321, 7215946682906.779, 1355372.3681630902, 0.03888835396622037, 13.439276785934588, 2.2921807532911156e-09, 0.9974333904152798, 3.8259999999975247e+33, 4.575954076007852
0.6892230593827711, 6841539627828.087, 1339682.470151686, 0.03730210965231935, 13.530015649186854, 1.967234713617422e-09, 0.9975369440857824, 3.825999999997963e+33, 4.576321835886501
0.69172932503291, 6485003798864.072, 1324106.0538801826, 0.03577382632146799, 13.621796633325186, 1.686424040442646e-09, 0.997636989534393, 3.825999999998326e+33, 4.576684589248615
0.694235590683049, 6145543036821.322, 1308641.92930399, 0.0343015567359231, 13.714642164217288, 1.4440119679478283e-09, 0.9977336246658726, 3.8259999999986263e+33, 4.577042458686787
0.6967418563331879, 5822395060018.169, 1293288.9221626695, 0.03288341651276282, 13.808575316872684, 1.2349746972593045e-09, 0.9978269451424593, 3.825999999998875e+33, 4.57739556448256
0.6992481219833269, 5514830049285.19, 1278045.873739198, 0.03151758208493228, 13.903619840206947, 1.0549167134273864e-09, 0.9979170444278507, 3.8259999999990794e+33, 4.577744024647774
0.7017543876334658, 5222149292328.698, 1262911.6406232666, 0.030202288730307357, 13.999800182957681, 8.999957165329185e-10, 0.9980040138303772, 3.8259999999992483e+33, 4.578087954964641
0.7042606532836047, 4943683884922.707, 1247885.094478543, 0.028935828666435886, 14.097141520815729, 7.668561226544519e-10, 0.9980879425453808, 3.825999999999387e+33, 4.578427469025322
0.7067669189337437, 4678793486505.553, 1232965.121813835, 0.027716549208698604, 14.195669784839776, 6.525701991508807e-10, 0.9981689176968117, 3.8259999999995014e+33, 4.578762678270753
0.7092731845838826, 4426865127863.04, 1218150.6237580874, 0.026542850989711743, 14.295411691226526, 5.545859965542794e-10, 0.998247024378057, 3.825999999999595e+33, 4.579093692029103
0.7117794502340216, 4187312068681.005, 1203440.5158391455, 0.025413186237869968, 14.396394772513613, 4.706813273773605e-10, 0.9983223456920133, 3.8259999999996715e+33, 4.579420617553087
0.7142857158841605, 3959572702846.685, 1188833.7277662284, 0.024326057113002515, 14.498647410297316, 3.989231212715454e-10, 0.9983949627904188, 3.825999999999734e+33, 4.579743560057156
0.7167919815342995, 3743109509470.4893, 1174329.2032160426, 0.023280014097186896, 14.60219886955277, 3.3763155708855464e-10, 0.9984649549124553, 3.8259999999997856e+33, 4.580062622753588
0.7192982471844384, 3537408047687.872, 1159925.89962248, 0.022273654438833286, 14.707079334650185, 2.853484362827416e-10, 0.9985323994226346, 3.825999999999827e+33, 4.580377906888584
0.7218045128345774, 3341975993385.1943, 1145622.7879698374, 0.021305620648219198, 14.8133199471668, 2.408093194508846e-10, 0.9985973718479809, 3.825999999999861e+33, 4.580689511777229
0.7243107784847163, 3156342216073.914, 1131418.8525895004, 0.020374599042718065, 14.920952845601407, 2.0291899928230106e-10, 0.9986599459145222, 3.825999999999889e+33, 4.580997534838452
0.7268170441348552, 2980055894214.322, 1117313.0909600316, 0.019479318340027103, 15.030011207105355, 1.7072992936464812e-10, 0.9987201935831046, 3.825999999999911e+33, 4.581302071628469
0.7293233097849942, 2812685667363.5186, 1103304.5135106076, 0.0186185482977593, 15.140529291352143, 1.4342326968489921e-10, 0.9987781850845374, 3.825999999999929e+33, 4.581603215874946
0.731829575435133, 2653818823592.5444, 1089392.1434277492, 0.0177910983978218, 15.252542486675988, 1.2029224675529923e-10, 0.998833988954087, 3.8259999999999435e+33, 4.581901059510075
0.7343358410852721, 2503060520684.696, 1075575.0164652884, 0.016995816574058256, 15.366087358619282, 1.0072755950991472e-10, 0.9988876720653258, 3.825999999999955e+33, 4.5821956927024745
0.736842106735411, 2360033039691.2036, 1061852.18075752, 0.016231587981686123, 15.481201701038856, 8.420459184664798e-11, 0.9989392996633518, 3.8259999999999643e+33, 4.582487203889897
0.73934837238555, 2224375069481.777, 1048222.6966354838, 0.015497333807111244, 15.597924589931516, 7.027221928293045e-11, 0.9989889353973892, 3.825999999999972e+33, 4.582775679810392
0.7418546380356889, 2095741020986.1208, 1034685.6364463257, 0.014792010116751683, 15.716296440151325, 5.85430209672966e-11, 0.99903664135278, 3.825999999999978e+33, 4.5830612055337525
0.7443609036858277, 1973800369878.5776, 1021240.0843756886, 0.014114606743550643, 15.836359065203832, 4.868472952958637e-11, 0.9990824780823807, 3.825999999999983e+33, 4.583343864491885
0.7468671693359668, 1858237026511.6006, 1007885.1362730806, 0.013464146209904321, 15.958155740315934, 4.041277021768931e-11, 0.9991265046373724, 3.825999999999987e+33, 4.583623738509213
0.7493734349861056, 1748748731954.988, 994619.8994801737, 0.012839682685775101, 16.081731268995288, 3.3483757691257016e-11, 0.9991687785974975, 3.8259999999999897e+33, 4.583900907832233
0.7518797006362447, 1645046479046.7634, 981443.4926619846, 0.012240300980803295, 16.207132053309348, 2.7689833932690108e-11, 0.9992093561007317, 3.825999999999992e+33, 4.584175451159347
0.7543859662863835, 1546853957408.4082, 968355.0456408911, 0.01166511556927203, 16.33440616813162, 2.28537441821326e-11, 0.9992482918724037, 3.8259999999999937e+33, 4.584447445669094
0.7568922319365226, 1453907021421.9128, 955353.6992334372, 0.011113269646819732, 16.463603439622123, 1.8824559776759296e-11, 0.9992856392537721, 3.8259999999999954e+33, 4.584716967049568
0.7593984975866614, 1365953180208.92, 942438.6050898845, 0.010583934217833027, 16.59477552822968, 1.547396742891418e-11, 0.9993214502300695, 3.8259999999999966e+33, 4.584984089525944
0.7619047632368005, 1282751108693.1648, 929608.9255364635, 0.010076307212490124, 16.72797601652669, 1.2693053950898e-11, 0.9993557754580249, 3.825999999999998e+33, 4.585248885888417
0.7644110288869393, 1204070178866.5645, 916863.8334202839, 0.009589612632460292, 16.863260502211638, 1.0389523850883173e-11, 0.9993886642928732, 3.8259999999999983e+33, 4.58551142752006
0.7669172945370782, 1129690010416.7417, 904202.5119568612, 0.009123099724299645, 17.000686696641665, 8.485294696435272e-12, 0.9994201648148633, 3.825999999999999e+33, 4.5857717844231995
0.7694235601872172, 1059400039909.5789, 891624.1545802196, 0.008676042179616705, 17.14031452928743, 6.9144217700821376e-12, 0.999450323855272, 3.8259999999999995e+33, 4.586030025246668
0.7719298258373561, 992999107754.6399, 879127.9647955307, 0.008247737361113195, 17.28220625853429, 5.62130941566389e-12, 0.9994791870219347, 3.826e+33, 4.586286217311743
0.7744360914874951, 930295062214.0573, 866713.1560342496, 0.0078375055536365, 17.426426589289758, 4.559171676033645e-12, 0.9995067987243036, 3.826e+33, 4.586540426638601
0.776942357137634, 871104379746.8151, 854378.9515117119, 0.007444689239410099, 17.573042797895596, 3.688709424895041e-12, 0.9995332021980389, 3.826e+33, 4.586792717971531
0.779448622787773, 815251801010.3329, 842124.5840871532, 0.007068652396636939, 17.72212486488565, 2.9769752635459818e-12, 0.9995584395291455, 3.826e+33, 4.587043154804711
0.7819548884379119, 762569981869.9304, 829949.2961261166, 0.0067087798206985575, 17.873745616177047, 2.396401045630969e-12, 0.999582551677662, 3.826e+33, 4.587291799406675
0.7844611540880508, 712899158794.1859, 817852.3393652145, 0.006364476467199515, 18.027980873333732, 1.923966062200853e-12, 0.9996055785009118, 3.826e+33, 4.587538712845552
0.7869674197381898, 666086828040.4489, 805832.9747792092, 0.0060351668161324834, 18.184909613597767, 1.5404867124470285e-12, 0.9996275587763248, 3.826e+33, 4.587783955012762
0.7894736853883287, 621987438059.8792, 793890.4724503836, 0.005720294256464274, 18.34461414044566, 1.2300109444869824e-12, 0.9996485302238364, 3.826e+33, 4.588027584647453
0.7919799510384677, 580462094575.415, 782024.1114401668, 0.005419320490467115, 18.50718026549588, 9.793029131534397e-13, 0.9996685295278751, 3.826e+33, 4.588269659360069
0.7944862166886066, 541378277809.0642, 770233.1796629896, 0.005131724957142645, 18.672697502668687, 7.774052014933828e-13, 0.9996875923589446, 3.826e+33, 4.588510235655332
0.7969924823387456, 504609571356.91644, 758516.9737623361, 0.004857004274108489, 18.84125927558344, 6.152676196438723e-13, 0.9997057533948087, 3.826e+33, 4.588749368955543
0.7994987479888845, 470035402231.33167, 746874.7989889698, 0.0045946716973388054, 19.012963139270212, 4.854330557034055e-13, 0.9997230463412873, 3.826e+33, 4.588987113622555
0.8020050136390235, 437540791609.9098, 735305.9690813029, 0.004344256598171082, 19.187911017375434, 3.817721320502477e-13, 0.9997395039526715, 3.826e+33, 4.589223522980638
0.8045112792891624, 407016115850.135, 723809.8061478885, 0.004105303957011439, 19.366209456153786, 2.99259538553607e-13, 0.9997551580517647, 3.826e+33, 4.58945864933757
0.8070175449393013, 378356877347.0482, 712385.64055201, 0.003877373873190204, 19.547969896665176, 2.337858902258972e-13, 0.9997700395495573, 3.826e+33, 4.5896925440062875
0.8095238105894403, 351463484828.9694, 701032.8107983475, 0.0036600410904380925, 19.73330896673477, 1.8199980792564966e-13, 0.9997841784645424, 3.826e+33, 4.589925257325357
0.8120300762395792, 326241042703.2061, 689750.6634216999, 0.003452894537471477, 19.92234879439008, 1.4117566171687706e-13, 0.99979760394168, 3.826e+33, 4.590156838679574
0.8145363418897182, 302599149079.875, 678538.5528777465, 0.003255536883192584, 20.115217344662362, 1.0910306071745318e-13, 0.9998103442710169, 3.826e+33, 4.590387336519642
0.8170426075398571, 280451702117.46277, 667395.8414358292, 0.0030675841060272793, 20.312048781833198, 8.399473252074726e-14, 0.9998224269059669, 3.826e+33, 4.590616798380906
0.8195488731899961, 259716714348.59216, 656321.8990737417, 0.002888665076939318, 20.512983859423382, 6.44099200022322e-14, 0.9998338784812633, 3.826e+33, 4.590845270902491
0.822055138840135, 240316134658.66476, 645316.1033745144, 0.002718421155675603, 20.718170340463583, 4.9190842777835144e-14, 0.9998447248305837, 3.826e+33, 4.5910727998441505
0.8245614044902739, 222175677603.65558, 634377.8394251809, 0.002556505799812091, 20.927763450857437, 3.741013294461905e-14, 0.9998549910038602, 3.826e+33, 4.591299430103922
0.8270676701404129, 205224659766.3577, 623506.4997175228, 0.0024025841861845757, 21.141926368952532, 2.8327467233642774e-14, 0.9998647012842756, 3.826e+33, 4.591525205733358
0.8295739357905518, 189395842862.8476, 612701.4840507825, 0.0022563328443026675, 21.36083075477745, 2.135388671539311e-14, 0.9998738792049571, 3.826e+33, 4.5917501699526575
0.8320802014406908, 174625283322.88318, 601962.1994363443, 0.002117439301358868, 21.584657322789077, 1.6022526338907548e-14, 0.99988254756537, 3.826e+33, 4.591974365164209
0.8345864670908297, 160852188079.38358, 591288.0600043818, 0.001985601738457775, 21.81359646240934, 1.1964674801824162e-14, 0.9998907284474192, 3.826e+33, 4.592197832964577
0.8370927327409687, 148018776313.0921, 580678.4869124757, 0.0018605286577031259, 22.047848911123065, 8.89025488703033e-15, 0.9998984432312648, 3.826e+33, 4.592420614155245
0.8395989983911076, 136070146909.01294, 570132.9082562081, 0.0017419385597926074, 22.287626485465488, 6.571959278043254e-15, 0.9999057126108563, 3.826e+33, 4.592642748751184
0.8421052640412466, 124954151391.25877, 559650.7589817444, 0.0016295596317822114, 22.533152875859543, 4.83240032444646e-15, 0.9999125566091923, 3.826e+33, 4.592864275987283
0.8446115296913855, 114621272112.56888, 549231.4808004162, 0.001523129444693294, 22.784664511981305, 3.5337371981905572e-15, 0.9999189945933116, 3.826e+33, 4.593085234322379
0.8471177953415244, 105024505483.97423, 538874.5221053248, 0.0014223946606465472, 23.042411506149104, 2.5693329197686466e-15, 0.9999250452890209, 3.826e+33, 4.593305661440317
0.8496240609916634, 96119250038.9149, 528579.3378899903, 0.0013271107492177291, 23.306658683163953, 1.857069072516939e-15, 0.9999307267953638, 3.826e+33, 4.593525594247578
0.8521303266418023, 87863199134.57257, 518345.38966907526, 0.0012370417127202952, 23.577686706095104, 1.3340096080203315e-15, 0.9999360565988379, 3.826e+33, 4.593745068866765
0.8546365922919413, 80216238101.28264, 508172.1454012188, 0.0011519598201300116, 23.855793308725318, 9.521586665839908e-16, 0.9999410515873653, 3.826e+33, 4.593964120625666
0.8571428579420802, 73140345658.65268, 498059.07941402524, 0.0010716453493762454, 24.141294646771755, 6.751022614255458e-16, 0.99994572806402, 3.826e+33, 4.594182784040395
0.8596491235922192, 66599499424.44956, 488005.67233125685, 0.0009958863377339123, 24.434526781611645, 4.753612748470894e-16, 0.9999501017605198, 3.826e+33, 4.594401092792234
0.8621553892423581, 60559585349.4425, 478011.411002291, 0.0009244783400590375, 24.735847312101324, 3.3231458813561835e-16, 0.9999541878504856, 3.826e+33, 4.594619079696563
0.864661654892497, 54988310918.2151, 468075.7884339107, 0.0008572241946195763, 25.045637172228204, 2.305772623808495e-16, 0.9999580009624744, 3.826e+33, 4.594836776662705
0.867167920542636, 49855121962.50018, 458198.3037245084, 0.0007939337962815302, 25.364302614826816, 1.5874032086591157e-16, 0.9999615551927912, 3.826e+33, 4.595054214642406
0.8696741861927749, 45131122939.857796, 448378.46200079616, 0.0007344238768185198, 25.692277404486497, 1.0839655600105624e-16, 0.9999648641180826, 3.826e+33, 4.595271423565824
0.8721804518429139, 40789000536.52236, 438615.7743571285, 0.0006785177921208396, 26.030025246152263, 7.339149530853625e-17, 0.9999679408077202, 3.826e+33, 4.5954884322611065
0.8746867174930528, 36802950458.99898, 428909.7577975598, 0.0006260453160876209, 26.37804247986198, 4.9250724732820285e-17, 0.9999707978359742, 3.826e+33, 4.59570526835576
0.8771929831431918, 33148607284.50319, 419259.93518077786, 0.0005768424409931089, 26.736861076682754, 3.27446207060781e-17, 0.9999734472939862, 3.826e+33, 4.595921958154781
0.8796992487933307, 29802977245.6229, 409665.83516807324, 0.0005307511841251821, 27.10705197633655, 2.1559556416724753e-17, 0.9999759008015433, 3.826e+33, 4.596138526491676
0.8822055144434696, 26744373829.64489, 400126.99217452935, 0.00048761940050117417, 27.489228813404612, 1.405113731392496e-17, 0.9999781695186577, 3.826e+33, 4.596354996546256
0.8847117800936086, 23952356077.841434, 390642.94632364437, 0.00044730060147275607, 27.88405208656797, 9.06025180334745e-18, 0.9999802641569577, 3.826e+33, 4.596571389622153
0.8872180457437475, 21407669474.663063, 381213.24340562697, 0.00040965377903814845, 28.29223383432089, 5.776919042634142e-18, 0.9999821949908938, 3.826e+33, 4.596787724874897
0.8897243113938865, 19092189321.24061, 371837.4348396424, 0.00037454323568625466, 28.714542891288087, 3.6402643430945716e-18, 0.9999839718687636, 3.826e+33, 4.5970040189800585
0.8922305770440254, 16988866491.870825, 362515.07764032745, 0.0003418384196034436, 29.15181081205539, 2.2656106932734605e-18, 0.999985604223562, 3.826e+33, 4.597220285727409
0.8947368426941644, 15081675476.253193, 353245.7343889397, 0.0003114137650796851, 29.604938564754768, 1.3917728129016177e-18, 0.9999871010836566, 3.826e+33, 4.5974365355241025
0.8972431083443033, 13355564614.168089, 344028.9732095595, 0.0002831485379565594, 30.074904115109327, 8.432860566144625e-19, 0.9999884710832985, 3.826e+33, 4.5976527747853355
0.8997493739944423, 11796408433.045534, 334864.3677508299, 0.00025692668596532874, 30.562771043974763, 5.035856379802648e-19, 0.9999897224729666, 3.826e+33, 4.5978690051850215
0.9022556396445812, 10390962002.475695, 325751.49717379035, 0.00023263669380880036, 31.069698368537356, 2.961453063099987e-19, 0.9999908631295549, 3.826e+33, 4.598085222732699
0.9047619052947201, 9126817223.163733, 316689.9461464505, 0.00021017144284612163, 31.596951770423786, 1.7134865028845034e-19, 0.999991900566402, 3.826e+33, 4.598301416632243
0.9072681709448591, 7992360971.13843, 307679.3048458497, 0.00018942807524495767, 32.1459164745495, 9.744928098309674e-20, 0.9999928419431708, 3.826e+33, 4.598517567867408
0.909774436594998, 6976735021.192047, 298719.168968472, 0.000170307862470713, 32.71811207251967, 5.441758264215314e-20, 0.9999936940755805, 3.826e+33, 4.598733647442551
0.912280702245137, 6069797676.563547, 289809.13975002815, 0.00015271607798759257, 33.315209646304446, 2.980309517360351e-20, 0.9999944634449952, 3.826e+33, 4.598949614187617
0.9147869678952759, 5262087034.783767, 280948.8239957915, 0.00013656187405137047, 33.93905162500676, 1.5988109867798127e-20, 0.9999951562078734, 3.826e+33, 4.599165412010479
0.9172932335454149, 4544785822.384314, 272137.8341228836, 0.00012175816247876083, 34.59167490410569, 8.389691878311377e-21, 0.9999957782050825, 3.826e+33, 4.599380966446526
0.9197994991955538, 3909687733.836384, 263375.7882161644, 0.00010822149928329466, 35.27533787825026, 4.299798776252256e-21, 0.9999963349710819, 3.826e+33, 4.599596180312719
0.9223057648456927, 3349165212.635736, 254662.31009970288, 9.587197307261301e-05, 35.99255219302168, 2.1487024414011807e-21, 0.9999968317429797, 3.826e+33, 4.599810928220765
0.9248120304958317, 2856138614.8896666, 245997.02942621644, 8.463309710712505e-05, 36.74612021817311, 1.0450250060571552e-21, 0.9999972734694657, 3.826e+33, 4.6000250496377735
0.9273182961459706, 2424046698.0948095, 237379.5817874038, 7.443170492508074e-05, 37.539179498346876, 4.9363751903858e-22, 0.9999976648196262, 3.826e+33, 4.600238340106235
0.9298245617961096, 2046818380.024225, 228809.60884882466, 6.519784944430486e-05, 38.37525576578631, 2.2595880587034344e-22, 0.9999980101916442, 3.826e+33, 4.600450540151243
0.9323308274462485, 1718845714.7717338, 220286.75851399978, 5.68647054561833e-05, 39.25832652874789, 9.99730817953479e-23, 0.9999983137213895, 3.826e+33, 4.600661321330127
0.9348370930963875, 1434958035.0334303, 211810.68512390158, 4.936847543302977e-05, 40.19289781482513, 4.263133825689636e-23, 0.9999985792909022, 3.826e+33, 4.600870268856403
0.9373433587465264, 1190397211.64317, 203381.04970029835, 4.264829857575998e-05, 41.184097400265706, 1.746508682962971e-23, 0.9999988105367752, 3.826e+33, 4.601076860350766
0.9398496243966654, 980793983.2224416, 194997.5202450934, 3.6646163034932845e-05, 42.23778886557832, 6.849048450774391e-24, 0.9999990108584401, 3.826e+33, 4.601280440738384
0.9423558900468043, 802145310.5568664, 186659.7721139627, 3.130682124477753e-05, 43.36071218601796, 2.560442357590458e-24, 0.9999991834263601, 3.826e+33, 4.601480194568151
0.9448621556969432, 650792711.9725063, 178367.48849335173, 2.6577708316920555e-05, 44.56065844020445, 9.08194371881162e-25, 0.9999993311901357, 3.826e+33, 4.601675120033107
0.9473684213470822, 523401537.5554744, 170120.36102938143, 2.24088634482879e-05, 45.84668881649485, 3.039993301825779e-25, 0.9999994568865296, 3.826e+33, 4.6018640158145185
0.9498746869972211, 416941141.5376641, 161918.0906937727, 1.8752854306236057e-05, 47.2294117320934, 9.542968414928293e-26, 0.9999995630474118, 3.826e+33, 4.602045507187496
0.9523809526473601, 328665913.5585443, 153760.38904274497, 1.5564704363529412e-05, 48.721337023931476, 2.78905642226065e-26, 0.999999652007636, 3.826e+33, 4.602218172057467
0.954887218297499, 256097130.80601773, 145646.9801665785, 1.280182316649686e-05, 50.33733351676094, 7.524896736225252e-27, 0.9999997259128495, 3.826e+33, 4.602380904896571
0.957393483947638, 197005594.2357423, 137577.60392033702, 1.0423939531682285e-05, 52.095226829959714, 1.855468077520034e-27, 0.999999786727244, 3.826e+33, 4.602533834393916
0.9598997495977769, 149395013.16538647, 129552.02165180203, 8.393037679492765e-06, 54.016589440351304, 4.1316611720822355e-28, 0.9999998362412543, 3.826e+33, 4.602680530582626
0.9624060152479158, 111486103.53659572, 121570.02702812257, 6.673296327217428e-06, 56.12779642475, 8.1897775874579e-29, 0.9999998760792121, 3.826e+33, 4.602833261939673
0.9649122808980548, 81701366.03617658, 113631.46775458237, 5.231030776628629e-06, 58.46144891997552, 1.4200679676627612e-29, 0.9999999077069627, 3.826e+33, 4.603025664737224
0.9674185465481937, 58650511.08515772, 105736.29166230049, 4.03463803855714e-06, 61.058299320480316, 2.108163946041738e-30, 0.999999932439454, 3.826e+33, 4.603344110995166
0.9699248121983327, 41116498.48828352, 97884.65007135269, 3.0545450264462998e-06, 63.96982324636985, 2.6087271751083887e-31, 0.9999999514483057, 3.826e+33, 4.604008533976607
0.9724310778484716, 28042160.41471242, 90077.14328783007, 2.263159792484362e-06, 67.26146915792646, 2.601256213890415e-32, 0.9999999657693707, 3.826e+33, 4.605591885003634
0.9749373434986106, 18517377.673316892, 82315.44108383497, 1.6348255946071368e-06, 71.01596139646766, 2.0013557706993417e-33, 0.9999999763102977, 3.826e+33, 4.655673239290943
0.9774436091487495, 11203570.983687267, 73893.93871296204, 1.1013376170058012e-06, 75.46506443916972, 8.407339455829893e-35, 0.9999999852361019, 3.826e+33, 4.662819358142249
0.9799498747988885, 6392279.408924718, 65515.512841326985, 7.083382536825827e-07, 80.7035297779306, 2.166573605367555e-36, 0.9999999912801292, 3.826e+33, 4.672252569379088
0.9824561404490274, 3384696.690363073, 57179.833889115194, 4.2943874028954974e-07, 86.98097088872433, 2.935968474983837e-38, 0.9999999951873768, 3.826e+33, 4.685387770669298
0.9849624060991663, 1624290.8076089597, 48886.57560510144, 2.408257900113101e-07, 94.66360748913678, 1.6538715261114543e-40, 0.9999999975683258, 3.826e+33, 4.705206092528024
0.9874686717493053, 680623.1317013322, 40635.41502988537, 1.2125213715018606e-07, 104.2986392281265, 2.642589992597287e-43, 0.9999999989103638, 3.826e+33, 4.739128036740621
0.9899749373994442, 233571.88412484596, 32426.03245913035, 5.2048569793190156e-08, 116.67430197459606, 6.078956183384527e-47, 0.9999999995895027, 3.826e+33, 4.808200906612156
0.9924812030495832, 57864.23006873642, 24258.11140678864, 1.7180907378607283e-08, 132.57640385581072, 5.133228997983017e-52, 0.9999999998825109, 3.826e+33, 4.964830160268822
0.9949874686997221, 7633.239747565215, 16131.338568277879, 3.3830573097289146e-09, 150.4718067784614, 5.432862064776923e-60, 0.9999999999797212, 3.826e+33, 5.15929519980181
0.9974937343498611, 210.84797021644926, 8045.4037835471045, 1.82049849276073e-10, 165.57333920824502, 3.1963020042876633e-76, 0.9999999999989595, 3.826e+33, 4.25
